D :0,0,0,0,0,0,0,0,time: 247
D :0,0,0,0,0,0,0,0,time: 302
D :0,0,0,0,0,0,0,0,time: 367
D :0,0,0,0,0,0,0,0,time: 432
D :0,0,0,0,0,0,0,0,time: 497
D :0,0,0,0,0,0,0,0,time: 563
D :0,0,0,0,0,0,0,0,time: 628
D :0,0,0,0,0,0,0,0,time: 693
D :0,0,0,0,0,0,0,0,time: 758
D :0,0,0,0,0,0,0,0,time: 824
D :0,0,0,0,0,0,0,0,time: 888
D :0,0,0,0,0,0,0,0,time: 954
D :0,0,0,0,0,0,0,0,time: 1019
D :0,0,0,0,0,0,0,0,time: 1085
D :0,0,0,0,0,0,0,0,time: 1149
D :0,0,0,0,0,0,0,0,time: 1215
D :0,0,0,0,0,0,0,0,time: 1281
D :0,0,0,0,0,0,0,0,time: 1346
D :0,0,0,0,0,0,0,0,time: 1411
D :0,0,0,0,0,0,0,0,time: 1476
D :0,0,0,0,0,0,0,0,time: 1542
D :0,0,0,0,0,0,0,0,time: 1606
D :0,0,0,0,0,0,0,0,time: 1672
D :0,0,0,0,0,0,0,0,time: 1737
D :0,0,0,0,0,0,0,0,time: 1803
D :0,0,0,0,0,0,0,0,time: 1867
D :0,0,0,0,0,0,0,0,time: 1933
D :0,0,0,0,0,0,0,0,time: 1998
D :0,0,0,0,0,0,0,0,time: 2063
D :0,0,0,0,0,0,0,0,time: 2128
D :0,0,0,0,0,0,0,0,time: 2194
D :0,0,0,0,0,0,0,0,time: 2259
D :0,0,0,0,0,0,0,0,time: 2324
D :0,0,0,0,0,0,0,0,time: 2393
D :0,0,0,0,0,0,0,0,time: 2455
D :0,0,0,0,0,0,0,0,time: 2521
D :0,0,0,0,0,0,0,0,time: 2585
D :0,0,0,0,0,0,0,0,time: 2651
D :0,0,0,0,0,0,0,0,time: 2716
D :0,0,0,0,0,0,0,0,time: 2781
19 :80,time: 2792
18 :0,99,time: 2803
D :0,0,0,0,0,0,0,0,time: 2846
19 :80,time: 2857
18 :0,99,time: 2869
D :0,0,0,0,0,0,0,0,time: 2912
19 :80,time: 2923
18 :0,99,time: 2934
D :0,0,0,0,0,0,0,0,time: 2977
19 :80,time: 2989
18 :0,99,time: 2999
D :0,0,0,0,0,0,0,0,time: 3042
19 :80,time: 3053
18 :0,99,time: 3067
D :0,0,0,0,0,0,0,0,time: 3107
19 :80,time: 3119
18 :0,99,time: 3130
D :0,0,0,0,0,0,0,0,time: 3173
19 :80,time: 3184
18 :0,99,time: 3194
